(0), 1, 4, 5, 6, 7, 10, 11, 12, 15, 16, 19, (22)
(0), 1, 4, 5, 6, 7, 10, 12, 15, 16, 19, (22)
(0), 1, 4, 5, 7, 10, 11, 12, 15, 16, 19, (22)
(0), 1, 4, 6, 7, 10, 11, 12, 15, 16, 19, (22)
(0), 1, 4, 5, 7, 10, 12, 15, 16, 19, (22)
(0), 1, 4, 6, 7, 10, 12, 15, 16, 19, (22)
(0), 1, 4, 7, 10, 11, 12, 15, 16, 19, (22)
(0), 1, 4, 7, 10, 12, 15, 16, 19, (22)

res: 
can remove: (5,6,11)
can remove if previous is removed: (6)


1, 2, 3, 4, 7, 8, 9, 10, 11
1 
_

1 2
_ 2
_ _
1 _ 

1 2 3 4 7
_ 2 3 4 7
_ _ 3 4 7
1 _ 3 4 7
1 2 _ 4 7
_ 2 _ 4 7
1 _ _ 4 7

1 2 3 4 7 _
_ 2 3 4 7 _
_ _ 3 4 7 _
1 _ 3 4 7 _
1 2 _ 4 7 _
_ 2 _ 4 7 _
1 _ _ 4 7 _
1 2 3 4 7 8
_ 2 3 4 7 8
_ _ 3 4 7 8
1 _ 3 4 7 8
1 2 _ 4 7 8
_ 2 _ 4 7 8
1 _ _ 4 7 8

1 2 3 4 7 _ 9
_ 2 3 4 7 _ 9
_ _ 3 4 7 _ 9
1 _ 3 4 7 _ 9
1 2 _ 4 7 _ 9
_ 2 _ 4 7 _ 9
1 _ _ 4 7 _ 9
1 2 3 4 7 8 9
_ 2 3 4 7 8 9
_ _ 3 4 7 8 9
1 _ 3 4 7 8 9
1 2 _ 4 7 8 9
_ 2 _ 4 7 8 9
1 _ _ 4 7 8 9
1 2 3 4 7 _ _
_ 2 3 4 7 _ _
_ _ 3 4 7 _ _
1 _ 3 4 7 _ _
1 2 _ 4 7 _ _
_ 2 _ 4 7 _ _
1 _ _ 4 7 _ _
1 2 3 4 7 8 _
_ 2 3 4 7 8 _
_ _ 3 4 7 8 _
1 _ 3 4 7 8 _
1 2 _ 4 7 8 _ 
_ 2 _ 4 7 8 _
1 _ _ 4 7 8 _